5047
3576
10135
3861
3939
4502
2026
4681
100532736
23516
5507
3956
387763
168455
2920
10397
3487
597
6349
414062
7045
728310
5033
1959
205
25976
54541
26355
26471
664
390
3106
4069
64798
114907
3853
79827
646309
3553
135228
253982
23601
330
10763
2012
5997
2170
29841
79901
80270
3872
1647
56967
5872
147040
3123
107075172
2597
8819
5214
4493
3113
11043
2014
79001
84879
771
4311
83604
84935
10797
6319
2191
7295
30001
51635
1082
115409980
5329
401613
9023
2359
2669
8840
3117
3118
7357
85495
972
5996
4217
153768
